111,63;
111,63;
111,63;
946,62;
946,62;
945,130;
945,130;
1198,132;
1198,132;
1199,666;
1199,666;
1184,666;
1184,666;
1182,143;
1182,143;
948,144;
948,144;
948,639;
948,639;
935,639;
935,639;
931,75;
931,75;
430,78;
430,78;
431,214;
431,214;
417,215;
417,215;
417,76;
417,76;
294,75;
294,75;
294,203;
294,203;
282,201;
282,201;
281,76;
281,76;
123,78;
123,78;
126,557;
126,557;
447,554;
447,554;
445,572;
445,572;
105,569;
105,569;
111,63;
643,304;
643,304;
643,304;
818,402;
818,402;
817,566;
817,566;
554,570;
554,570;
553,592;
553,592;
534,591;
534,591;
535,569;
535,569;
488,566;
488,566;
485,553;
485,553;
807,555;
807,555;
802,407;
802,407;
632,317;
632,317;
643,304;
286,315;
286,315;
286,315;
429,317;
429,317;
428,264;
428,264;
416,266;
416,266;
416,301;
416,301;
284,303;
284,303;
286,315;
18,16;
18,16;
18,16;
1299,6;
1299,6;
1300,687;
1300,687;
9,675;
9,675;
18,16;
