0.937012,0;
0.937012,0;
0.937012,0;
1279.06,2.72342;
1279.06,2.72342;
1279.06,958.638;
1279.06,958.638;
0.937012,958.638;
0.937012,958.638;
0.937012,0;
30.9224,32.6808;
30.9224,32.6808;
30.9224,32.6808;
385.124,29.9575;
385.124,29.9575;
386.061,381.277;
386.061,381.277;
414.173,382.638;
414.173,382.638;
415.11,317.277;
415.11,317.277;
606.266,318.638;
606.266,318.638;
604.392,290.043;
604.392,290.043;
415.11,292.766;
415.11,292.766;
414.173,28.5958;
414.173,28.5958;
869.575,27.234;
869.575,27.234;
868.638,292.766;
868.638,292.766;
675.608,294.128;
675.608,294.128;
675.608,315.915;
675.608,315.915;
867.701,314.553;
867.701,314.553;
868.638,345.872;
868.638,345.872;
923.924,345.872;
923.924,345.872;
923.924,326.808;
923.924,326.808;
889.253,324.085;
889.253,324.085;
892.064,23.1489;
892.064,23.1489;
1253.76,25.8723;
1253.76,25.8723;
1254.7,332.255;
1254.7,332.255;
999.824,324.085;
999.824,324.085;
999.824,344.511;
999.824,344.511;
1254.7,343.149;
1254.7,343.149;
1252.83,487.489;
1252.83,487.489;
1189.11,484.766;
1189.11,484.766;
1189.11,505.191;
1189.11,505.191;
1251.89,506.553;
1251.89,506.553;
1252.83,774.808;
1252.83,774.808;
996.076,773.447;
996.076,773.447;
996.076,793.872;
996.076,793.872;
1251.89,792.511;
1251.89,792.511;
1250.95,931.404;
1250.95,931.404;
892.064,934.128;
892.064,934.128;
892.064,792.511;
892.064,792.511;
925.798,795.234;
925.798,795.234;
924.861,772.085;
924.861,772.085;
893.001,773.447;
893.001,773.447;
892.064,506.553;
892.064,506.553;
1116.02,506.553;
1116.02,506.553;
1116.02,484.766;
1116.02,484.766;
868.638,487.489;
868.638,487.489;
866.764,931.404;
866.764,931.404;
26.2372,930.042;
26.2372,930.042;
27.1742,793.872;
27.1742,793.872;
413.236,789.787;
413.236,789.787;
410.425,450.723;
410.425,450.723;
387.936,449.362;
387.936,449.362;
386.999,484.766;
386.999,484.766;
27.1742,486.128;
27.1742,486.128;
30.9224,32.6808;
